0.04683604836463928
0.01124854851514101
0.7051132917404175
0.031660713255405426
0.01838177815079689
0.04455060511827469
0.4356209635734558
0.9723299145698547
0.9727679491043091
0.9771415591239929
0.07596719264984131
0.9873290061950684
0.05505681782960892
0.9515371918678284
0.036641642451286316
0.2986143231391907
0.03127596899867058
0.03138399496674538
0.08157698810100555
0.10826169699430466
0.5944629311561584
0.54473876953125
0.6561457514762878
0.4546538293361664
0.7123032212257385
0.9739562273025513
0.9610736966133118
0.961354672908783
0.9460796117782593
0.9825599789619446
0.871336042881012
0.9556497931480408
0.2423865795135498
0.9827597141265869
0.5786688923835754
0.11371329426765442
0.920599639415741
0.7139295339584351
0.9688230752944946
0.9835429191589355
0.8261139988899231
0.9246302247047424
0.9702010750770569
0.9863666892051697
0.9807635545730591
0.9913936257362366
0.9920360445976257
0.9940180778503418
0.985680103302002
0.8350780606269836
0.9981132745742798
0.8887982964515686
0.7009515166282654
0.9777348041534424
0.008857685141265392
0.04966128244996071
0.033426109701395035
0.0426161028444767
0.4090454578399658
0.7891144156455994
0.6346374750137329
0.009050686843693256
0.9222082495689392
0.01031139399856329
0.85591059923172
0.018637685105204582
0.0668971836566925
0.01615450158715248
0.010037641040980816
0.10678044706583023
0.981105625629425
0.4526858925819397
0.990736186504364
0.9758328795433044
0.9863129258155823
0.9773197174072266
0.9884836077690125
0.9912791848182678
0.84837806224823
0.9890537261962891
0.08813310414552689
0.9912791848182678
0.24534349143505096
0.06777164340019226
0.9306307435035706
0.8739739060401917
0.8526135683059692
0.9605163335800171
0.9632136225700378
0.958827793598175
0.9675840139389038
0.9869530200958252
0.9870609045028687
0.9778116345405579
0.6018368005752563
0.9974647760391235
0.27706238627433777
0.048173513263463974
0.9640182256698608
0.9151633977890015
0.9825316071510315
0.9827337265014648
0.9635313749313354
0.9515235424041748
0.9884821176528931
0.9860470294952393
0.9921174645423889
0.11187911033630371
0.9972639083862305
0.38612648844718933
0.018114298582077026
0.9681485295295715
0.9793481826782227
0.9213998913764954
0.9866857528686523
0.7804747819900513
0.9912211894989014
0.16102254390716553
0.982723593711853
0.021930336952209473
0.8078850507736206
0.06466894596815109
0.014833732508122921
0.24106259644031525
0.9479769468307495
0.9383906126022339
0.06073929741978645
0.9665642380714417
0.020302167162299156
0.9111228585243225
0.006933780387043953
0.11473993211984634
0.007017163094133139
0.00646233232691884
0.03018050082027912
0.9688925743103027
0.10738340020179749
0.98269122838974
0.014928252436220646
0.9414887428283691
0.006593964993953705
0.10529900342226028
0.008347765542566776
0.011398456990718842
0.02260686829686165
0.011830656789243221
0.9834617376327515
0.008809918537735939
0.9439888596534729
0.006413136143237352
0.0995568037033081
0.008119234815239906
0.007477922830730677
0.08200135082006454
0.7233808636665344
0.011650891043245792
0.04626193270087242
0.007971623912453651
0.2533978819847107
0.006816851906478405
0.01685226708650589
0.0664079487323761
0.010408270172774792
0.8641714453697205
0.006858218926936388
0.06908193975687027
0.0057094525545835495
0.007477922830730677
0.08623013645410538
0.7272265553474426
0.07678046822547913
0.9952661991119385
0.1891753375530243
0.017074789851903915
0.7645251154899597
0.008302375674247742
0.6121371984481812
0.01326971035450697
0.011218623258173466
0.10055052489042282
0.7670429944992065
0.9497125744819641
0.033905867487192154
0.9049444794654846
0.009207520633935928
0.007477922830730677
0.05092132091522217
0.02925347350537777
0.7518894672393799
0.2892465591430664
0.37212735414505005
0.5161279439926147
0.5114160180091858
0.22328327596187592
0.9891372323036194
0.9498425722122192
0.9883911609649658
0.9754830598831177
0.8206894993782043
0.8784812092781067
0.9893456101417542
0.9710913896560669
0.9815954566001892
0.9937521815299988
0.9555361866950989
0.9655106067657471
0.9951400756835938
0.978307843208313
0.9927721619606018
0.5286566019058228
0.6137517690658569
0.18694475293159485
0.9896637797355652
0.9521817564964294
0.9889534711837769
0.9798903465270996
0.5196861028671265
0.9088369607925415
0.9746246337890625
0.982725977897644
0.9888542890548706
0.9945358037948608
0.9733582735061646
0.9922244548797607
0.9928675889968872
0.9892330169677734
0.9956424236297607
0.7283987402915955
0.8868839740753174
0.9932869076728821
0.9775232672691345
0.9903674125671387
0.9601520895957947
0.9145240187644958
0.9392695426940918
0.9911608099937439
0.9967196583747864
0.9902807474136353
0.9952385425567627
0.9734076261520386
0.9895560145378113
0.9959720969200134
0.9906114935874939
0.9969936609268188
0.00901685282588005
0.013948146253824234
0.04244412109255791
0.03957507386803627
0.9715285897254944
0.00932789035141468
0.0042442562989890575
0.06520365178585052
0.09249261021614075
0.062380481511354446
0.930982232093811
0.0068273586221039295
0.016691362485289574
0.26073306798934937
0.00834709033370018
0.2262376993894577
0.9775190353393555
0.8738464713096619
0.9759942293167114
0.6775631904602051
0.8295627236366272
0.9654633402824402
0.9861637949943542
0.9957326054573059
0.9873803853988647
0.989274799823761
0.9925485253334045
0.9911922812461853
0.9947611689567566
0.9939277172088623
0.9940401315689087
0.8693781495094299
0.9676624536514282
0.9669420123100281
0.3978002071380615
0.32856860756874084
0.8539396524429321
0.9462257027626038
0.9838850498199463
0.9853066205978394
0.9152911901473999
0.9880708456039429
0.9928954243659973
0.9486267566680908
0.988695502281189
0.9232677817344666
0.9648301005363464
0.09164563566446304
0.1088884174823761
0.9064624905586243
0.7385818958282471
0.9101096391677856
0.9806925654411316
0.32097548246383667
0.8941285014152527
0.9389553070068359
0.8891812562942505
0.9773113131523132
0.980987548828125
0.15521317720413208
0.48494064807891846
0.9449213147163391
0.956081211566925
0.9869338274002075
0.9921585321426392
0.7919518351554871
0.9739547371864319
0.9942494630813599
0.9726234674453735
0.9908427000045776
0.0077323028817772865
0.0036558685824275017
0.0257719773799181
0.025058042258024216
0.01800931803882122
0.4369107484817505
0.005442043766379356
0.005071233492344618
0.026595551520586014
0.005179130472242832
0.018489304929971695
0.9666157960891724
0.9274086952209473
0.9722689390182495
0.8873556852340698
0.8852350115776062
0.9796202778816223
0.9299910068511963
0.9860903024673462
0.9036503434181213
0.9811659455299377
0.9661494493484497
0.9774757623672485
0.9580987691879272
0.8874900937080383
0.9861773252487183
0.9822592735290527
0.9903447031974792
0.968021810054779
0.9936098456382751
0.9713101983070374
0.16038154065608978
0.9015181064605713
0.09200195968151093
0.26361408829689026
0.9839118123054504
0.1387530267238617
0.9680161476135254
0.1528082638978958
0.7865368127822876
0.08981077373027802
0.11655480414628983
0.9846234917640686
0.13809050619602203
0.9528063535690308
0.3776574730873108
0.18468201160430908
0.9056617021560669
0.9493005275726318
0.9448573589324951
0.9802010655403137
0.02509736455976963
0.04401272162795067
0.07900562882423401
0.04310489073395729
0.09521271288394928
0.6854564547538757
0.9558928608894348
0.9249862432479858
0.9767187833786011
0.9879655241966248
0.9091237187385559
0.9606215953826904
0.7565022110939026
0.9252328872680664
0.983585000038147
0.9075719118118286
0.7995478510856628
0.8952820301055908
0.9697526693344116
0.733874499797821
0.9845260381698608
0.9890022277832031
0.987810492515564
0.941696286201477
0.6278501152992249
0.9955601692199707
0.9834020137786865
0.9686643481254578
0.6249132752418518
0.993767261505127
0.9975255131721497
0.9925898313522339
0.12603434920310974
0.9610331058502197
0.5981475114822388
0.8671208024024963
0.9697526693344116
0.10171884298324585
0.9845260381698608
0.9886046648025513
0.9678776264190674
0.8572523593902588
0.0536029078066349
0.9886530041694641
0.9695759415626526
0.8671146035194397
0.1321762353181839
0.993767261505127
0.9975255131721497
0.9740961194038391
0.022823646664619446
0.9444974660873413
0.42572224140167236
0.09805948287248611
0.004820771049708128
0.10871408879756927
0.5989944934844971
0.8824450373649597
0.01486892905086279
0.004941421095281839
0.124053955078125
0.12592948973178864
0.02793196216225624
0.0059124561958014965
0.19608967006206512
0.7794398665428162
0.04179924353957176
0.010142707265913486
0.049120910465717316
0.13624580204486847
0.009947476908564568
0.3385354280471802
0.7535660266876221
0.9790880680084229
0.011597481556236744
0.004712409805506468
0.47105008363723755
0.046904630959033966
0.018800383433699608
0.004678213503211737
0.1661774218082428
0.9601969718933105
0.019172562286257744
0.008615837432444096
0.02262447029352188
0.06868784129619598
0.960245668888092
0.9539227485656738
0.9386301636695862
0.28398439288139343
0.008592327125370502
0.993044912815094
0.9794957041740417
0.710867166519165
0.021509449928998947
0.992250382900238
0.9969204664230347
0.9219045042991638
0.014654507860541344
0.9318119287490845
0.9239000678062439
0.9490337371826172
0.8959040641784668
0.9669126272201538
0.4377170503139496
0.9850584268569946
0.9823675155639648
0.9811341762542725
0.4346308410167694
0.9952436089515686
0.9955026507377625
0.9945558309555054
0.0952429324388504
0.9891525506973267
0.9490090608596802
0.9278057217597961
0.18653608858585358
0.013693122193217278
0.9882574677467346
0.9203007221221924
0.3727671205997467
0.012754966504871845
0.9907907247543335
0.9963370561599731
0.8914996385574341
0.009294157847762108
0.8248326778411865
0.9577826261520386
0.01705184578895569
0.005942172836512327
0.8446197509765625
0.026498444378376007
0.009132430888712406
0.007309114094823599
0.15821385383605957
0.9418577551841736
0.019615106284618378
0.003714366117492318
0.026987705379724503
0.013716255314648151
0.0026976922526955605
0.1159975677728653
0.02157929167151451
0.019696664065122604
0.005175348371267319
0.11958810687065125
0.7348395586013794
0.0554845929145813
0.0051643564365804195
0.024713056161999702
0.005285248160362244
0.6753000020980835
0.7875645160675049
0.9869078397750854
0.06398192048072815
0.9440444111824036
0.9711753726005554
0.9771367907524109
0.0751614049077034
0.9903974533081055
0.944542646408081
0.6927821040153503
0.6999277472496033
0.14989858865737915
0.7798870801925659
0.9597213864326477
0.8920731544494629
0.20515108108520508
0.8587886691093445
0.1986956000328064
0.1573166400194168
0.00688618328422308
0.42308399081230164
0.9795249700546265
0.05781259760260582
0.004512398969382048
0.059922847896814346
0.04463840276002884
0.0033044929150491953
0.6256934404373169
0.35696500539779663
0.05060316249728203
0.00405232235789299
0.17435301840305328
0.1517336517572403
0.9143128991127014
0.8709805607795715
0.9551266431808472
0.01702100783586502
0.955265462398529
0.8542312383651733
0.9589802622795105
0.9398024678230286
0.05311676114797592
0.792361319065094
0.31839683651924133
0.022834256291389465
0.004383604042232037
0.018037859350442886
0.03646598756313324
0.01484181173145771
0.20837658643722534
0.030292080715298653
0.9579712152481079
0.648186445236206
0.7278919219970703
0.38709697127342224
0.10120018571615219
0.9781176447868347
0.9480289816856384
0.8142121434211731
0.027144495397806168
0.9831019043922424
0.019625389948487282
0.06770387291908264
0.938994288444519
0.9038809537887573
0.4471946060657501
0.027147404849529266
0.021307384595274925
0.9577592611312866
0.03514866903424263
0.9770396947860718
0.9887391328811646
0.012764030136168003
0.010917836800217628
0.1256413459777832
0.036768022924661636
0.16137434542179108
0.005479591898620129
0.8721675872802734
0.006787597667425871
0.008030653931200504
0.110023133456707
0.0248235072940588
0.03424917533993721
0.011939826421439648
0.006873650010675192
0.017366711050271988
0.021654751151800156
0.5108335614204407
0.031631529331207275
0.2045452743768692
0.9390568733215332
0.941069483757019
0.8814399242401123
0.06259524077177048
0.961335301399231
0.027272474020719528
0.04306924715638161
0.9904159307479858
0.9586531519889832
0.9687595367431641
0.16405253112316132
0.015749560669064522
0.9766873121261597
0.05634261667728424
0.9932109713554382
0.9782046675682068
0.9539805054664612
0.8390026092529297
0.8588287234306335
0.11806152015924454
0.9688518643379211
0.21011489629745483
0.1779332309961319
0.9927256107330322
0.9834225177764893
0.9844555854797363
0.8585532903671265
0.07748720794916153
0.9822461605072021
0.42442086338996887
0.9948505759239197
0.9903974533081055
0.31387192010879517
0.9236612915992737
0.008038448169827461
0.6793367266654968
0.020525429397821426
0.006061588879674673
0.8849198222160339
0.5634098052978516
0.1590975970029831
0.03675374016165733
0.007921976037323475
0.6351702809333801
0.03660977631807327
0.9796761274337769
0.8573467135429382
0.6705390810966492
0.03798289969563484
0.940911591053009
0.013510936871170998
0.02019847370684147
0.9844778776168823
0.8911593556404114
0.9269411563873291
0.09289540350437164
0.006873650010675192
0.9517881870269775
0.03188715875148773
0.9893661737442017
0.9761767387390137
0.013039893470704556
0.9530525207519531
0.014287976548075676
0.01444978080689907
0.3347601890563965
0.4481154680252075
0.14364786446094513
0.01939726434648037
0.007401962764561176
0.35907983779907227
0.022345637902617455
0.922145664691925
0.7940120100975037
0.4860793650150299
0.0391237698495388
0.04306924715638161
0.9017817378044128
0.9624871611595154
0.9911813735961914
0.21860066056251526
0.015749560669064522
0.9598860144615173
0.07843722403049469
0.9762223958969116
0.6079769134521484
0.00880379881709814
0.005128441844135523
0.18406517803668976
0.02430521510541439
0.07167375832796097
0.011277584359049797
0.002881281077861786
0.02351168543100357
0.013008136302232742
0.8398367166519165
0.06160203367471695
0.937009871006012
0.9499834179878235
0.9901012182235718
0.9866944551467896
0.9649035334587097
0.029072722420096397
0.9827595949172974
0.932201087474823
0.9782096147537231
0.9917497038841248
0.8757397532463074
0.9601207971572876
0.9282759428024292
0.94291090965271
0.06686962395906448
0.9716271162033081
0.8920095562934875
0.8033086657524109
0.9742962718009949
0.5366118550300598
0.031141117215156555
0.009863273240625858
0.002157950773835182
0.3350118398666382
0.008478978648781776
0.9115366339683533
0.694108784198761
0.8848997354507446
0.01727888360619545
0.002200063783675432
0.8456065654754639
0.009305874817073345
0.7207733988761902
0.46296560764312744
0.1233261302113533
0.0031294238287955523
0.9610673189163208
0.01471948903053999
0.8771084547042847
0.7054542899131775
0.013058009557425976
0.811640202999115
0.22218342125415802
0.8390042781829834
0.9281212687492371
0.4722018241882324
0.9743207097053528
0.5027934908866882
0.9196856021881104
0.04437148571014404
0.9679140448570251
0.8937621116638184
0.8422611951828003
0.9137808680534363
0.4945366680622101
0.9366306066513062
0.9783747792243958
0.9610477089881897
0.9176696538925171
0.9762559533119202
0.8316295146942139
0.9954144954681396
0.13812591135501862
0.99679034948349
0.9912868142127991
0.9825181365013123
0.997365415096283
0.9777839779853821
0.9969367980957031
0.03469528630375862
0.990607738494873
0.9937680959701538
0.9983905553817749
0.993032693862915
0.22641806304454803
0.1615533083677292
0.9375861883163452
0.9836233258247375
0.08921972662210464
0.9895331263542175
0.05324621498584747
0.991169810295105
0.9953919649124146
0.921093225479126
0.9975255131721497
0.3008285462856293
0.9892330169677734
0.041881732642650604
0.9782049059867859
0.9754748940467834
0.9943220615386963
0.9792025685310364
0.12862008810043335
0.9372718930244446
0.9630891680717468
0.11604698747396469
0.9706215262413025
0.027084307745099068
0.992750883102417
0.9517633318901062
0.9741933941841125
0.9939344525337219
0.9246310591697693
0.9873994588851929
0.012300832197070122
0.9785652756690979
0.9424892663955688
0.9962896108627319
0.9795467257499695
0.9258504509925842
0.9630891680717468
0.24679350852966309
0.979401171207428
0.043955687433481216
0.9949517250061035
0.9860860109329224
0.9819254875183105
0.9895273447036743
0.9463958740234375
0.9912104606628418
0.021511271595954895
0.9939385652542114
0.9822235107421875
0.9974188804626465
0.9917312264442444
0.3040803074836731
0.012789489701390266
0.009202550165355206
0.00606894213706255
0.05392036214470863
0.22673845291137695
0.009716575965285301
0.8332886695861816
0.0053085279650986195
0.05579933151602745
0.005445931572467089
0.011228926479816437
0.019468100741505623
0.5573524236679077
0.011773103848099709
0.010018110275268555
0.3693971037864685
0.006363456137478352
0.5571062564849854
0.9601441025733948
0.027434954419732094
0.9889531135559082
0.006596976891160011
0.6468800902366638
0.005906438920646906
0.10336712002754211
0.07493944466114044
0.9646714329719543
0.24014553427696228
0.9001055955886841
0.07734951376914978
0.9720026254653931
0.8969064354896545
0.9948305487632751
0.9673539400100708
0.9730457663536072
0.9939277172088623
0.06243182718753815
0.9972909092903137
0.9962322115898132
0.9946993589401245
0.9960640072822571
0.009254292584955692
0.9808103442192078
0.9242879152297974
0.7985074520111084
0.9785862565040588
0.22593113780021667
0.9836635589599609
0.007062039338052273
0.9029784202575684
0.7421484589576721
0.9948877692222595
0.9564570784568787
0.9373224973678589
0.7563897967338562
0.9692178964614868
0.942974328994751
0.9848949313163757
0.8984251022338867
0.04146727919578552
0.977501392364502
0.9596552848815918
0.9824466705322266
0.9785305857658386
0.8463544845581055
0.03098990023136139
0.9650753736495972
0.005900719203054905
0.9350033402442932
0.0036782207898795605
0.09919556975364685
0.05605395510792732
0.9776973128318787
0.3149857223033905
0.04366257041692734
0.9817469120025635
0.003983164671808481
0.09700089693069458
0.00535736745223403
0.027719596400856972
0.013073221780359745
0.8524965643882751
0.07748770713806152
0.43995556235313416
0.03313407301902771
0.9717815518379211
0.00577859953045845
0.9774865508079529
0.978905439376831
0.9905610680580139
0.9675818681716919
0.0032454361207783222
0.017339570447802544
0.004383604042232037
0.016380222514271736
0.01155304629355669
0.561508297920227
0.037817224860191345
0.9384554028511047
0.08330725133419037
0.9662681818008423
0.9765090346336365
0.9831473231315613
0.973514974117279
0.01966456137597561
0.1458296924829483
0.3950667977333069
0.9402526617050171
0.37352120876312256
0.8649494647979736
0.5471954345703125
0.9109879732131958
0.852239191532135
0.6933193206787109
0.8353573679924011
0.8870967030525208
0.9205055832862854
0.9699831008911133
0.23756833374500275
0.9366306066513062
0.9783747792243958
0.9610477089881897
0.9176696538925171
0.9762559533119202
0.8316295146942139
0.9954144954681396
0.13812591135501862
0.99679034948349
0.9912868142127991
0.9825181365013123
0.997365415096283
0.9777839779853821
0.9969367980957031
0.03469528630375862
0.990607738494873
0.9937680959701538
0.9983905553817749
0.993032693862915
0.22641806304454803
0.1615533083677292
0.9375861883163452
0.9836233258247375
0.08921972662210464
0.9895331263542175
0.05324621498584747
0.991169810295105
0.9953919649124146
0.921093225479126
0.9975255131721497
0.3008285462856293
0.9892330169677734
0.041881732642650604
0.9782049059867859
0.9754748940467834
0.9943220615386963
0.9792025685310364
0.12862008810043335
0.9372718930244446
0.9630891680717468
0.11604698747396469
0.9706215262413025
0.027084307745099068
0.992750883102417
0.9517633318901062
0.9741933941841125
0.9939344525337219
0.9246310591697693
0.9873994588851929
0.012300832197070122
0.9785652756690979
0.9424892663955688
0.9962896108627319
0.9795467257499695
0.9258504509925842
0.9630891680717468
0.24679350852966309
0.979401171207428
0.043955687433481216
0.9949517250061035
0.9860860109329224
0.9819254875183105
0.9895273447036743
0.9463958740234375
0.9912104606628418
0.021511271595954895
0.9939385652542114
0.9822235107421875
0.9974188804626465
0.9917312264442444
0.3040803074836731
0.012789489701390266
0.009202550165355206
0.00606894213706255
0.05392036214470863
0.22673845291137695
0.009716575965285301
0.8332886695861816
0.0053085279650986195
0.05579933151602745
0.005445931572467089
0.011228926479816437
0.019468100741505623
0.5573524236679077
0.011773103848099709
0.010018110275268555
0.3693971037864685
0.006363456137478352
0.5571062564849854
0.9601441025733948
0.027434954419732094
0.9889531135559082
0.006596976891160011
0.6468800902366638
0.005906438920646906
0.10336712002754211
0.07493944466114044
0.9646714329719543
0.24014553427696228
0.9001055955886841
0.07734951376914978
0.9720026254653931
0.8969064354896545
0.9948305487632751
0.9673539400100708
0.9730457663536072
0.9939277172088623
0.06243182718753815
0.9972909092903137
0.9962322115898132
0.9946993589401245
0.9960640072822571
0.009254292584955692
0.9808103442192078
0.9242879152297974
0.7985074520111084
0.9785862565040588
0.22593113780021667
0.9836635589599609
0.007062039338052273
0.9029784202575684
0.7421484589576721
0.9948877692222595
0.9564570784568787
0.9373224973678589
0.7563897967338562
0.9692178964614868
0.942974328994751
0.9848949313163757
0.8984251022338867
0.04146727919578552
0.977501392364502
0.9596552848815918
0.9824466705322266
0.9785305857658386
0.8463544845581055
0.03098990023136139
0.9650753736495972
0.005900719203054905
0.9350033402442932
0.0036782207898795605
0.09919556975364685
0.05605395510792732
0.9776973128318787
0.3149857223033905
0.04366257041692734
0.9817469120025635
0.003983164671808481
0.09700089693069458
0.00535736745223403
0.027719596400856972
0.013073221780359745
0.8524965643882751
0.07748770713806152
0.43995556235313416
0.03313407301902771
0.9717815518379211
0.00577859953045845
0.9774865508079529
0.978905439376831
0.9905610680580139
0.9675818681716919
0.0032454361207783222
0.017339570447802544
0.004383604042232037
0.016380222514271736
0.01155304629355669
0.561508297920227
0.037817224860191345
0.9384554028511047
0.08330725133419037
0.9662681818008423
0.9765090346336365
0.9831473231315613
0.973514974117279
0.01966456137597561
0.1458296924829483
0.3950667977333069
0.9402526617050171
0.37352120876312256
0.8649494647979736
0.5471954345703125
0.9109879732131958
0.852239191532135
0.6933193206787109
0.8353573679924011
0.8870967030525208
0.9205055832862854
0.9699831008911133
0.23756833374500275
