[2.2883134]
[3.2802927]
[1.3842881]
[2.650435]
[3.1653743]
[2.7151566]
[2.0932088]
[1.3970524]
[1.2061406]
[1.230076]
[3.373376]
[1.2397417]
[3.643793]
[1.441265]
[5.370598]
[3.5801651]
[5.253053]
[5.290699]
[4.5889583]
[1.2313544]
[2.3687704]
[1.1648499]
[1.0504829]
[0.60157806]
[1.2451413]
[1.1607273]
[1.8317163]
[1.4174507]
[2.0043228]
[1.2879739]
[1.4233361]
[1.065901]
[3.1131885]
[1.5318686]
[3.1504261]
[4.200645]
[2.3560798]
[3.5815783]
[0.861667]
[0.2616855]
[0.66816723]
[1.4468278]
[1.920948]
[2.4429364]
[2.153686]
[1.1852554]
[2.0782094]
[0.8599221]
[1.8572949]
[2.5375168]
[0.71415365]
[2.964832]
[3.4877794]
[1.6465402]
[3.2288892]
[3.4130452]
[2.9430137]
[2.8425014]
[2.1188233]
[2.3366392]
[2.1019323]
[4.0823336]
[2.0339174]
[3.6759293]
[2.1003027]
[5.1331306]
[3.8065133]
[4.786684]
[5.8268123]
[4.5091166]
[0.8596525]
[0.77089053]
[0.6255205]
[1.2582638]
[1.6699224]
[1.4458538]
[0.8771309]
[1.4210727]
[1.5328119]
[1.2247763]
[3.3710003]
[1.2282]
[3.7230265]
[3.6715302]
[2.5003626]
[0.4782251]
[1.405393]
[1.8202983]
[2.3826003]
[2.060239]
[1.321244]
[1.9844936]
[0.74294746]
[1.7512957]
[2.53615]
[0.67059547]
[2.9109936]
[3.7244794]
[1.7077563]
[1.1345912]
[1.4042807]
[2.0195386]
[1.6527232]
[1.5095671]
[1.5724316]
[0.9963314]
[1.3277931]
[2.8518417]
[0.97921515]
[3.0871177]
[3.896673]
[2.0366278]
[0.7429303]
[1.0639122]
[0.8700369]
[1.3016424]
[0.9031915]
[2.0322814]
[0.7478953]
[3.922209]
[1.7589124]
[4.1790004]
[3.9145486]
[3.0488887]
[0.693021]
[0.2638696]
[2.0305405]
[0.24165282]
[2.3660471]
[0.09850527]
[4.2063947]
[2.2308772]
[4.2876987]
[4.3306327]
[3.3730292]
[0.49182355]
[2.253375]
[0.5802554]
[2.9876406]
[0.7811213]
[4.810679]
[2.7857852]
[4.909907]
[4.4681625]
[3.95326]
[2.1657937]
[0.28676632]
[2.603279]
[0.35827884]
[4.4672685]
[2.4429512]
[4.5495596]
[4.4330006]
[3.626884]
[2.1666436]
[1.9022285]
[2.0186927]
[3.4970188]
[1.459784]
[4.04574]
[3.3975554]
[2.643554]
[2.5508785]
[0.27938426]
[4.3294697]
[2.4329712]
[4.3746357]
[4.3999486]
[3.502474]
[2.292453]
[2.110854]
[0.5569205]
[2.542703]
[3.973285]
[1.3976942]
[4.118568]
[2.174398]
[4.191573]
[4.315728]
[3.2907963]
[2.5196443]
[1.0554565]
[4.6404223]
[1.1105922]
[3.051034]
[3.7836883]
[1.7435508]
[5.1351805]
[1.6870328]
[3.6515322]
[0.71166366]
[0.6508104]
[2.7130704]
[1.0405717]
[0.60776305]
[0.7248935]
[0.5876254]
[2.2528665]
[1.8819715]
[1.3525513]
[0.91182935]
[1.1166334]
[0.7535014]
[0.96775824]
[1.7387489]
[1.2472025]
[1.0107522]
[1.4089341]
[0.8318773]
[0.8146564]
[2.864855]
[1.0527303]
[0.26025707]
[0.2290272]
[0.25729787]
[2.1862438]
[2.2419581]
[1.4607521]
[1.3502145]
[1.5540255]
[0.5001339]
[1.2500441]
[1.7531316]
[0.9446499]
[1.0981115]
[1.1165706]
[0.9162927]
[2.9778056]
[0.62233675]
[0.5665918]
[0.8805161]
[0.5908545]
[2.5473402]
[1.658879]
[1.04682]
[0.57302684]
[0.7681737]
[0.9031225]
[1.1715403]
[1.5583911]
[1.2311845]
[0.6788034]
[1.4051039]
[0.687095]
[3.5669043]
[2.9408271]
[2.642688]
[2.7730808]
[1.0309851]
[4.3571525]
[3.9872823]
[3.072228]
[3.2695968]
[3.2615216]
[1.8173751]
[4.3577585]
[3.7829323]
[3.6199152]
[3.8900054]
[3.5042114]
[0.8183734]
[1.2207925]
[0.949081]
[3.077334]
[1.3105597]
[0.536574]
[0.8859776]
[0.944443]
[0.8836805]
[1.7649914]
[0.98022187]
[0.92642075]
[0.25020084]
[1.0352936]
[0.4194315]
[0.40986156]
[0.17278527]
[2.3333683]
[2.0115135]
[1.2431502]
[1.1110828]
[1.3072155]
[0.48439717]
[1.2299056]
[1.5987847]
[0.90900046]
[0.86702126]
[1.0963453]
[0.7150526]
[0.2959409]
[1.9605235]
[2.392113]
[1.6490394]
[1.3946276]
[1.6144911]
[0.7080689]
[1.0770665]
[1.9545184]
[1.1711482]
[1.2745398]
[1.3264024]
[1.1030087]
[2.1701021]
[2.124316]
[1.3898662]
[1.1253209]
[1.338002]
[0.62299955]
[1.0784903]
[1.7523906]
[1.0723623]
[1.0068026]
[1.2459297]
[0.86565727]
[4.075975]
[3.5232832]
[2.8225634]
[3.0522244]
[2.6096187]
[1.5372478]
[3.828968]
[3.0959153]
[3.1395063]
[3.1944556]
[2.985223]
[0.9562833]
[1.3709407]
[1.1969036]
[1.9407097]
[2.600881]
[1.1716514]
[1.8922442]
[1.2150381]
[1.9291837]
[1.3690746]
[1.1116736]
[1.0730247]
[1.1475567]
[2.1713288]
[0.7853777]
[1.0234987]
[0.3884889]
[1.1660855]
[0.5788757]
[0.2376531]
[1.355774]
[1.3068246]
[1.6795746]
[1.6473722]
[0.8780223]
[1.8009813]
[0.966821]
[1.5127901]
[1.5284843]
[1.6535597]
[1.7500364]
[0.9190961]
[1.8966807]
[1.0526348]
[1.5906452]
[1.3807318]
[0.53406286]
[0.85414433]
[0.7557243]
[0.6021514]
[2.5919785]
[2.1021626]
[1.8074437]
[2.240287]
[1.7112097]
[1.1143483]
[0.98143625]
[0.954652]
[1.0268995]
[0.88196105]
[0.44498834]
[0.7052161]
[1.0623109]
[0.28261083]
[0.90839285]
[0.50251144]
[3.1528635]
[2.4634311]
[0.5777221]
[0.97493774]
[0.47055417]
[1.30211]
[1.93776]
[1.8111923]
[2.4993272]
[0.9543028]
[1.5866599]
[1.9290754]
[2.8285868]
[0.8846585]
[0.6113999]
[1.8587981]
[4.7752314]
[2.1043434]
[2.9393096]
[2.0847561]
[0.33216462]
[1.3217564]
[0.28651473]
[1.2698017]
[1.6900127]
[2.0252576]
[2.905376]
[1.1415015]
[1.4980259]
[2.2632797]
[2.9151285]
[0.78693306]
[0.60789114]
[2.111231]
[4.930268]
[2.3410277]
[1.5979395]
[2.8822846]
[3.9623682]
[3.0457263]
[1.9985856]
[1.4805406]
[4.7166877]
[4.2670307]
[2.6392775]
[3.372296]
[5.03982]
[5.496097]
[3.5891755]
[2.5653648]
[5.005139]
[6.7987227]
[5.184916]
[2.16788]
[3.3780324]
[2.289234]
[1.6582402]
[0.82764643]
[4.0651693]
[4.244802]
[2.4663687]
[2.9477813]
[4.3404927]
[4.272797]
[2.7388887]
[1.9525394]
[4.1156445]
[6.6243534]
[4.4031816]
[1.2389114]
[0.18201657]
[1.3149211]
[1.7639817]
[1.9218695]
[2.8737082]
[0.9482567]
[1.1927472]
[2.2662663]
[3.1854718]
[0.7352456]
[0.6791886]
[2.2021737]
[4.682988]
[2.329108]
[1.1097476]
[2.1926064]
[2.8765433]
[0.9172527]
[2.4266047]
[1.4151653]
[1.4838029]
[1.1105536]
[2.9102056]
[0.9626542]
[1.5433244]
[1.3170452]
[3.9372141]
[1.2878908]
[1.4096833]
[1.8849483]
[1.7956609]
[2.835804]
[1.0308363]
[1.2455723]
[2.106712]
[3.02273]
[0.606233]
[0.7307739]
[2.0235898]
[4.6481094]
[2.1710217]
[0.8749934]
[3.0584173]
[2.7434916]
[1.0952305]
[2.2816348]
[3.176688]
[3.674023]
[2.0136082]
[0.7079442]
[3.1129427]
[5.718623]
[3.3988397]
[3.6683345]
[3.518911]
[1.8231575]
[2.6659076]
[3.8635023]
[4.0215096]
[2.4397264]
[1.3486289]
[3.7106495]
[6.2832336]
[4.011441]
[3.0287137]
[2.2273755]
[1.6879656]
[0.89781153]
[3.098459]
[1.3579516]
[2.384392]
[1.2389138]
[3.268454]
[0.70235187]
[2.3357368]
[3.2905984]
[2.769628]
[4.0551753]
[3.0818594]
[2.6166859]
[3.044852]
[5.072257]
[3.182829]
[1.4692984]
[2.491156]
[3.7563195]
[1.5163183]
[0.8179094]
[2.6269517]
[4.65365]
[2.6998823]
[2.419668]
[4.000307]
[1.159167]
[1.7798941]
[2.5740829]
[3.682724]
[2.328945]
[2.5571752]
[1.7823303]
[2.530902]
[0.671131]
[3.8432057]
[0.5390408]
[2.8516626]
[3.1917903]
[1.9262292]
[6.237126]
[2.6265845]
[1.3241118]
[1.6702827]
[4.2932997]
[1.7183009]
[2.45202]
[5.190727]
[2.7139306]
[4.36054]
[0.74968606]
[3.6239483]
[2.3074923]
[0.95857835]
[1.6814877]
[0.8604922]
[0.8814794]
[0.51878124]
[3.353907]
[1.2543072]
[3.189812]
[3.583764]
[1.2201211]
[2.2253757]
[2.638462]
[3.8385208]
[4.1809707]
[2.206738]
[3.9050567]
[1.1616076]
[2.0886064]
[2.8444018]
[3.5585928]
[2.3637724]
[2.826979]
[2.2501228]
[4.766168]
[1.3485024]
[5.4081845]
[5.8237624]
[3.3577123]
[4.2669435]
[4.4952655]
[5.787608]
[6.271448]
[4.1809306]
[6.115668]
[3.242093]
[4.3230577]
[1.1989932]
[1.3199914]
[0.1069122]
[1.4001651]
[2.4074717]
[1.5291461]
[2.6393201]
[3.0922072]
[0.7228289]
[1.4403511]
[1.7365458]
[3.29083]
[4.3685884]
[1.3928529]
[3.9470365]
[0.4815083]
[1.7852901]
[1.4053681]
[1.2453535]
[1.8248346]
[2.280062]
[2.3049715]
[2.0945675]
[2.4868288]
[0.7082536]
[1.1983035]
[1.7084128]
[2.365992]
[3.9294407]
[1.0628008]
[3.5263455]
[0.87080216]
[1.1869128]
[1.3012491]
[0.6606264]
[3.3915758]
[1.3872551]
[3.269402]
[3.633622]
[1.331719]
[2.3669205]
[2.838126]
[3.608058]
[4.218101]
[2.284941]
[4.0060678]
[1.3876092]
[2.0839124]
[1.3352276]
[2.4977727]
[1.5286181]
[2.646826]
[3.0950732]
[0.7219003]
[1.4781669]
[1.7921263]
[3.3298469]
[4.3095613]
[1.4446968]
[3.89431]
[0.49056122]
[1.7713932]
[3.7304583]
[1.4116015]
[3.4048946]
[3.7612107]
[1.4938533]
[2.5562093]
[3.0314405]
[3.9546492]
[4.0669775]
[2.5281103]
[3.8795028]
[1.5158049]
[2.2092283]
[3.471086]
[2.6376219]
[3.0501127]
[2.4362233]
[1.7108454]
[1.1967709]
[2.813512]
[5.568271]
[1.5819236]
[4.957255]
[2.3270426]
[2.8192527]
[4.126019]
[4.5613647]
[2.0878608]
[2.9338067]
[3.1514783]
[4.5473022]
[5.406438]
[2.8418124]
[5.1343064]
[1.944401]
[3.1204686]
[0.48553044]
[2.0612233]
[1.3601826]
[1.7023624]
[1.5687267]
[3.1047332]
[1.5016859]
[2.4438603]
[2.1911142]
[1.2770206]
[2.484093]
[1.841868]
[2.170112]
[1.5611156]
[2.889452]
[1.9755558]
[2.2236552]
[2.6344578]
[1.584575]
[1.0701964]
[1.604389]
[2.7190533]
[3.7579465]
[1.0446705]
[3.329054]
[0.27453786]
[1.0802857]
[0.66671467]
[2.1833565]
[3.9288752]
[0.23077804]
[3.3429654]
[1.0742798]
[1.1856159]
[2.4412959]
[4.5075517]
[0.6811042]
[3.8796983]
[1.5173465]
[1.8440768]
[3.7931776]
[2.1592636]
[3.3344798]
[2.8781943]
[2.1030724]
[4.064462]
[0.7778629]
[3.976661]
[2.8612247]
[3.4975946]
[1.0456707]
[1.2628735]
[3.5326114]
[2.3768935]
[1.3108981]
[1.0382379]
[0.4689669]
[0.5838671]
[2.7597544]
[1.7712759]
[1.2460247]
[0.46847725]
[2.1664925]
[0.74235797]
[1.3173358]
[1.1473538]
[1.3362058]
[2.024671]
[0.37624913]
[4.096652]
[1.5371131]
[1.4507356]
[0.44461316]
[1.4828515]
[1.2197174]
[1.183693]
[2.3451996]
[0.74645865]
[2.171018]
[0.82307464]
[3.137543]
[0.8174735]
[0.60199785]
[1.9855733]
[0.74291134]
[3.0475593]
[1.4132872]
[4.3581586]
[2.3327084]
[2.3909822]
[1.1051046]
[2.3544033]
[1.0455909]
[2.4597378]
[1.9529514]
[1.4857334]
[0.90399414]
[2.226029]
[0.9613081]
[1.4892453]
[1.388447]
[1.304499]
[2.0843935]
[0.55755085]
[4.4252954]
[1.8543266]
[1.5706619]
[0.9098308]
[1.7325416]
[3.2318895]
[1.8054894]
[1.0905479]
[0.367563]
[2.113677]
[0.8344959]
[1.3764235]
[1.0602158]
[1.6299225]
[1.9943492]
[0.6867249]
[3.7736127]
[1.224464]
[1.4580178]
[0.19720352]
[1.2926263]
[2.4271612]
[3.9434884]
[2.9020262]
[4.449813]
[2.5617473]
[2.3295312]
[3.7938347]
[1.7487416]
[4.432296]
[3.0039556]
[6.4463825]
[4.284955]
[3.982469]
[3.1242971]
[4.1801043]
[2.8453653]
[1.4777274]
[3.8066344]
[1.3814043]
[0.7546365]
[2.6569207]
[1.0258422]
[3.7516627]
[2.1446958]
[4.6457076]
[2.9428601]
[3.094301]
[1.7679769]
[3.0086339]
[1.3963548]
[1.4384986]
[1.8127937]
[2.438448]
[0.44476634]
[2.5720239]
[1.0729108]
[0.94793195]
[3.418503]
[0.46500143]
[0.5133337]
[1.0852803]
[0.30059776]
[2.3845923]
[0.58854806]
[1.057198]
[1.2988483]
[1.2829317]
[2.2792568]
[0.75889176]
[3.9650948]
[1.5616637]
[1.6983861]
[0.31725153]
[1.6002618]
[2.5208461]
[3.2159076]
[1.8212451]
[3.2829635]
[0.7720169]
[1.8388377]
[4.3159156]
[1.6632856]
[1.511298]
[2.1609023]
[1.569632]
[0.7183614]
[1.7967633]
[0.9064747]
[2.5201812]
[1.0344056]
[4.5241265]
[2.0300074]
[2.120161]
[0.8484526]
[2.0608191]
[2.349171]
[0.61290175]
[3.224255]
[1.671302]
[4.750567]
[2.5974731]
[2.7302504]
[1.3740911]
[2.65427]
[2.4578478]
[1.4347801]
[0.91586447]
[3.2322786]
[0.63610584]
[0.51746625]
[0.9889375]
[0.46009955]
[3.2707605]
[1.676647]
[5.061101]
[2.8183427]
[2.7754328]
[1.5693527]
[2.8065836]
[1.6567578]
[4.0721354]
[1.3235581]
[1.056675]
[2.008908]
[1.1504909]
[4.03076]
[1.3093203]
[1.1302321]
[0.5819412]
[1.207697]
[3.053945]
[3.3888474]
[3.7628686]
[3.161975]
[0.8148119]
[1.256074]
[0.32083377]
[1.3947335]
[0.50131935]
[1.2835884]
[1.0382379]
[0.4689669]
[0.5838671]
[2.7597544]
[1.7712759]
[1.2460247]
[0.468477]
[2.1664927]
[0.74235845]
[1.3173358]
[1.1473538]
[1.3362058]
[2.024671]
[0.37624913]
[4.096652]
[1.5371131]
[1.4507356]
[0.44461316]
[1.4828515]
[1.2197174]
[1.183693]
[2.3451996]
[0.74645865]
[2.171018]
[0.82307464]
[3.137543]
[0.8174735]
[0.60199785]
[1.9855733]
[0.74291134]
[3.0475593]
[1.4132872]
[4.3581586]
[2.3327084]
[2.3909822]
[1.1051046]
[2.3544033]
[1.0455909]
[2.4597378]
[1.952951]
[1.4857336]
[0.9039948]
[2.226029]
[0.9613081]
[1.4892453]
[1.388447]
[1.304499]
[2.0843935]
[0.55755085]
[4.4252954]
[1.8543266]
[1.5706619]
[0.9098308]
[1.7325416]
[3.2318895]
[1.8054894]
[1.0905479]
[0.367563]
[2.113677]
[0.8344959]
[1.3764235]
[1.0602158]
[1.6299225]
[1.9943492]
[0.6867249]
[3.7736127]
[1.224464]
[1.4580178]
[0.19720352]
[1.2926263]
[2.427161]
[3.943488]
[2.9020264]
[4.449813]
[2.5617473]
[2.3295312]
[3.7938347]
[1.7487416]
[4.432296]
[3.0039556]
[6.4463825]
[4.284955]
[3.982469]
[3.1242971]
[4.1801043]
[2.8453653]
[1.4777274]
[3.8066344]
[1.3814043]
[0.7546365]
[2.6569207]
[1.0258422]
[3.7516627]
[2.1446958]
[4.6457076]
[2.9428601]
[3.094301]
[1.7679769]
[3.0086339]
[1.3963548]
[1.4384986]
[1.8127937]
[2.4384477]
[0.44476634]
[2.572024]
[1.0729105]
[0.94793195]
[3.418503]
[0.46500143]
[0.5133337]
[1.0852803]
[0.30059776]
[2.3845923]
[0.58854806]
[1.057198]
[1.2988483]
[1.2829317]
[2.2792568]
[0.75889176]
[3.9650948]
[1.5616637]
[1.6983861]
[0.31725153]
[1.6002618]
[2.5208461]
[3.2159076]
[1.8212451]
[3.2829635]
[0.7720169]
[1.8388377]
[4.3159156]
[1.6632856]
[1.511298]
[2.1609023]
[1.5696322]
[0.7183617]
[1.7967633]
[0.9064748]
[2.5201812]
[1.0344056]
[4.5241265]
[2.0300074]
[2.120161]
[0.8484526]
[2.0608191]
[2.349171]
[0.61290175]
[3.224255]
[1.671302]
[4.750567]
[2.5974731]
[2.7302504]
[1.3740911]
[2.65427]
[2.4578478]
[1.4347801]
[0.91586447]
[3.2322786]
[0.63610584]
[0.51746625]
[0.9889375]
[0.46009955]
[3.2707605]
[1.676647]
[5.061101]
[2.8183427]
[2.7754328]
[1.5693527]
[2.8065832]
[1.6567575]
[4.0721354]
[1.3235581]
[1.056675]
[2.008908]
[1.1504909]
[4.03076]
[1.3093203]
[1.1302321]
[0.5819412]
[1.207697]
[3.053945]
[3.3888474]
[3.7628686]
[3.161975]
[0.8148119]
[1.256074]
[0.32083377]
[1.3947335]
[0.5013195]
[1.2835882]
