[2.6397004]
[2.7232544]
[1.2376655]
[2.42707]
[3.4651742]
[3.1095893]
[2.50154]
[1.7386013]
[1.7771798]
[1.8686472]
[2.8043222]
[1.7001058]
[3.8736184]
[1.7686601]
[5.5067134]
[3.7087095]
[4.844019]
[4.6353745]
[4.485068]
[0.90183455]
[3.3881676]
[0.8242869]
[1.3835372]
[0.89032423]
[0.64281553]
[1.1821139]
[1.069642]
[1.0497363]
[1.7062945]
[1.1044009]
[2.1157558]
[1.0644624]
[3.9299307]
[1.8859193]
[3.2020345]
[4.662688]
[2.7686467]
[3.4407063]
[1.6399722]
[0.766194]
[0.45064518]
[1.3128653]
[1.7710878]
[1.6222357]
[1.6137532]
[1.6322579]
[1.5209768]
[1.5504328]
[1.4751906]
[3.2562034]
[1.2561055]
[2.5588005]
[3.87392]
[2.0844338]
[3.22806]
[4.117305]
[3.8104053]
[3.2430372]
[2.5719473]
[2.623681]
[2.7473514]
[3.3913605]
[2.5338016]
[4.6251206]
[2.6273246]
[5.9202523]
[4.2327657]
[5.2981553]
[5.160369]
[5.122263]
[2.1931143]
[1.6960679]
[0.6288451]
[0.70926917]
[0.6583604]
[0.59332657]
[1.9534324]
[0.86161107]
[2.7797892]
[0.8218703]
[4.7453327]
[2.7075593]
[4.0126762]
[5.1601024]
[3.524608]
[0.49907213]
[1.8508638]
[2.4539242]
[2.317436]
[2.3013697]
[2.0413713]
[2.2404616]
[1.2395813]
[2.1949577]
[2.6328244]
[0.7039562]
[1.95028]
[3.9252622]
[1.5336441]
[1.3871367]
[1.9732616]
[1.8392999]
[1.8175418]
[1.8212132]
[1.7859856]
[1.4233631]
[1.737055]
[3.0960445]
[1.0958017]
[2.3896956]
[4.108643]
[1.9319161]
[1.0120567]
[0.84560764]
[0.8556915]
[1.3606174]
[0.8138897]
[2.6524673]
[0.7825983]
[4.4417787]
[2.3544612]
[3.732251]
[4.9955807]
[3.2994332]
[0.23356977]
[0.3212089]
[2.0627894]
[0.521159]
[2.9986432]
[0.5590687]
[4.904823]
[2.8814824]
[4.1714087]
[4.9789767]
[3.729632]
[0.18729666]
[1.8477652]
[0.3181336]
[2.8930087]
[0.33396468]
[4.8079844]
[2.7682369]
[4.0814295]
[4.8715525]
[3.6173098]
[1.9000039]
[0.43063867]
[2.8164701]
[0.3827377]
[4.8116093]
[2.7862499]
[4.08474]
[4.831032]
[3.5709941]
[1.5820801]
[3.0057905]
[1.5702808]
[4.37658]
[2.4202]
[3.7790496]
[4.7645044]
[3.4191968]
[2.880485]
[0.13950266]
[4.729282]
[2.678608]
[4.0169272]
[4.7441854]
[3.5656173]
[2.801673]
[2.5583174]
[1.5450327]
[1.9631298]
[3.265412]
[0.9326631]
[4.705836]
[2.6615825]
[3.9945996]
[4.6874657]
[3.5050557]
[2.1050498]
[0.74988467]
[3.9150908]
[1.6777669]
[1.4172242]
[3.9174595]
[1.4554656]
[3.7841716]
[1.2080708]
[3.1894572]
[1.2864045]
[1.3503344]
[3.0622165]
[1.2107579]
[0.79177773]
[0.7179312]
[0.78523445]
[1.2518582]
[2.2380245]
[1.9188408]
[0.7385783]
[0.9599777]
[1.6143093]
[0.38534942]
[2.122784]
[2.3010118]
[1.3670027]
[2.0442078]
[1.545638]
[1.2166387]
[3.859183]
[1.2597277]
[1.0279279]
[1.5728626]
[0.96133256]
[2.2686782]
[1.7735608]
[1.1256006]
[1.5905077]
[1.4166296]
[1.6390309]
[1.6432886]
[1.0133594]
[1.098427]
[1.2131993]
[1.167611]
[0.92821324]
[4.24879]
[0.2408628]
[0.7080323]
[1.1392728]
[0.77384984]
[2.5400772]
[0.9632897]
[0.84052265]
[1.3464565]
[1.1635891]
[0.45933515]
[1.619298]
[1.3074296]
[1.5911304]
[0.4888978]
[1.0186564]
[0.53402996]
[4.166869]
[3.804984]
[3.6015227]
[3.8096743]
[2.2715974]
[5.0011845]
[4.6774597]
[3.609457]
[3.9282815]
[4.379494]
[2.963267]
[4.7960606]
[4.778245]
[4.349565]
[4.681566]
[4.426578]
[0.58155906]
[0.947776]
[0.64735097]
[2.4032328]
[1.1256015]
[1.0237402]
[1.124121]
[0.947197]
[0.56146747]
[1.4445972]
[1.4522691]
[1.7628773]
[0.40137026]
[1.2366712]
[0.6612486]
[0.60730577]
[0.12489754]
[1.9070572]
[1.6460483]
[1.3312575]
[0.82401687]
[0.7540104]
[1.0581787]
[1.0519832]
[1.5868961]
[1.807925]
[0.7762282]
[1.4628359]
[0.91933143]
[0.6567365]
[1.6071719]
[2.0704591]
[1.8899922]
[0.5424573]
[0.76532274]
[1.3255594]
[0.7446448]
[2.1851456]
[2.4132643]
[1.1791804]
[2.033508]
[1.4777691]
[1.8964337]
[1.6846648]
[1.3343492]
[0.7976431]
[0.69689614]
[1.1516045]
[1.0471436]
[1.550071]
[1.7796388]
[0.7786068]
[1.478364]
[0.9157897]
[3.466179]
[3.1094456]
[1.632801]
[1.9822904]
[2.7572827]
[1.0750564]
[3.2334301]
[3.3042893]
[2.586693]
[3.163253]
[2.7417793]
[0.72081107]
[2.1883311]
[1.918305]
[0.91782033]
[2.5069587]
[1.2453761]
[1.5939568]
[1.042174]
[0.9588013]
[0.9042659]
[1.9857976]
[1.7017752]
[1.0929949]
[2.2455792]
[0.58275425]
[0.93643415]
[0.9028247]
[0.42670974]
[0.43394247]
[0.41684008]
[1.6013827]
[0.6614722]
[2.2173295]
[2.5175009]
[1.1829733]
[2.2112362]
[1.5619792]
[1.4772736]
[1.0097983]
[1.9074298]
[2.2597334]
[0.88122255]
[1.9716033]
[1.2816522]
[1.8415674]
[1.63795]
[1.8937107]
[0.83445984]
[1.2202479]
[0.92307377]
[2.463406]
[2.6678655]
[1.5931461]
[2.3963933]
[1.8550096]
[0.5374251]
[1.270887]
[0.66050124]
[0.7926207]
[1.6768678]
[0.73055625]
[1.152223]
[1.2262484]
[0.5370993]
[0.7139281]
[0.66494435]
[3.6222186]
[2.441723]
[1.1186804]
[0.44716594]
[0.58120465]
[1.9542552]
[1.763295]
[1.1863265]
[2.6189253]
[1.409121]
[1.0276619]
[1.0482044]
[2.7783632]
[0.8204995]
[0.41389763]
[1.9968821]
[4.965663]
[1.8193971]
[3.2373526]
[1.8797915]
[0.6831216]
[1.0189079]
[0.6762706]
[1.3942162]
[1.1965288]
[1.711994]
[3.2637868]
[0.8288155]
[1.1865274]
[1.6846374]
[3.4167967]
[1.197737]
[0.43205538]
[2.6584122]
[5.4430046]
[2.4749057]
[3.0731277]
[3.4931712]
[3.9858944]
[3.7749221]
[3.286099]
[3.381584]
[4.1487603]
[5.4608502]
[3.3019474]
[3.789222]
[4.232284]
[5.6123147]
[3.6648998]
[3.5461974]
[5.067742]
[6.6611443]
[4.9232993]
[2.0261898]
[2.673825]
[2.2988257]
[0.65960723]
[0.9229568]
[3.577662]
[4.744213]
[1.348705]
[2.9883358]
[3.4642544]
[4.915911]
[2.9932272]
[2.104234]
[4.253285]
[6.4118805]
[4.054753]
[1.3416198]
[0.78489166]
[1.4437524]
[1.1928617]
[1.9267035]
[3.6940904]
[0.71572065]
[1.0719688]
[1.9863614]
[3.8461468]
[1.5494828]
[0.8537439]
[3.0301933]
[5.829633]
[2.827851]
[0.60161906]
[2.1495488]
[1.9655977]
[1.2095115]
[2.390977]
[1.6178085]
[1.1618359]
[0.8925669]
[2.5842307]
[1.0927446]
[0.6255377]
[1.7435615]
[4.7066865]
[1.5258287]
[1.7159523]
[1.5104774]
[1.5238428]
[2.9900718]
[1.0908358]
[0.99413127]
[1.3737471]
[3.179585]
[1.2886513]
[0.35408673]
[2.3307207]
[5.126107]
[2.1008022]
[0.31684628]
[3.0908077]
[4.358169]
[0.74374217]
[2.441272]
[2.9761844]
[4.5372205]
[2.5657299]
[1.5778753]
[3.812044]
[6.138308]
[3.5980308]
[2.8743303]
[4.2189612]
[0.5459246]
[2.21046]
[2.7925732]
[4.381565]
[2.3497727]
[1.3906975]
[3.6516707]
[6.151648]
[3.4483507]
[2.2033575]
[2.4619193]
[1.0347359]
[0.6123923]
[2.289366]
[0.7402178]
[1.5559559]
[1.5571791]
[4.8582425]
[1.4947076]
[3.9603105]
[3.0927827]
[1.8322837]
[0.43462473]
[2.5369747]
[2.9511075]
[0.7235908]
[3.5184777]
[0.99677384]
[1.7201647]
[2.4013135]
[4.139002]
[2.0036151]
[1.0241674]
[3.349059]
[5.8740306]
[3.1274073]
[1.271476]
[3.2303758]
[1.0230938]
[1.1431143]
[2.39673]
[5.3684125]
[2.2230103]
[2.0115018]
[1.013035]
[1.404116]
[1.1470582]
[4.3557415]
[0.98467565]
[2.5978763]
[3.130382]
[0.9578002]
[3.8755286]
[1.297689]
[1.1797506]
[1.9485942]
[5.215667]
[1.8914695]
[2.3315213]
[5.118448]
[2.1229057]
[3.773362]
[0.36660638]
[3.6531348]
[2.5436835]
[1.2625433]
[1.8182206]
[0.91799897]
[0.98475593]
[0.83596396]
[2.7520235]
[0.69694495]
[4.0889983]
[3.5888448]
[1.5269464]
[2.6029468]
[2.6902096]
[3.727933]
[4.8188057]
[2.8055015]
[4.992321]
[1.8507214]
[2.4775574]
[3.721598]
[4.134556]
[3.125102]
[3.4730573]
[3.112298]
[4.7314367]
[2.5202234]
[5.6809754]
[5.243353]
[3.6208403]
[4.6985526]
[4.7940974]
[5.0277033]
[6.2458596]
[4.781993]
[6.4172835]
[3.8283947]
[4.580142]
[1.3690352]
[1.4273366]
[0.42313024]
[1.3286408]
[2.0759635]
[1.7134734]
[3.7470746]
[3.0714264]
[1.0261853]
[1.9416878]
[1.8743905]
[3.5924232]
[4.278212]
[2.1693718]
[4.5775495]
[1.4812301]
[1.7761861]
[1.8608572]
[1.1217079]
[1.7882603]
[2.2631202]
[2.1983101]
[3.1396449]
[2.7749462]
[2.1775267]
[1.3422439]
[1.5688893]
[3.015259]
[4.617952]
[1.9770814]
[4.3276677]
[1.610286]
[1.6910362]
[1.2360054]
[0.1082552]
[2.9571655]
[0.60998666]
[4.263825]
[3.9533427]
[1.7219783]
[2.8577118]
[3.0085118]
[4.0640516]
[5.033662]
[3.0583887]
[5.2046375]
[2.2085435]
[2.694333]
[1.1313767]
[2.1544185]
[1.4808841]
[3.6333256]
[3.0352883]
[1.2355721]
[1.8582238]
[1.8795528]
[3.4187658]
[4.4099593]
[2.1605265]
[4.560166]
[1.3946004]
[1.7867103]
[2.880361]
[0.6147579]
[4.2059445]
[3.8705025]
[1.6449139]
[2.7721016]
[2.914301]
[3.9996207]
[4.9718103]
[2.977189]
[5.1449413]
[2.1225824]
[2.6118805]
[3.181285]
[2.1122556]
[1.4089653]
[1.8087074]
[1.419395]
[1.4366378]
[2.1857603]
[2.363152]
[0.6684977]
[2.5603065]
[1.0106264]
[0.63080835]
[4.452866]
[4.1045465]
[1.864067]
[3.1150997]
[3.2560613]
[4.139721]
[5.1703362]
[3.2831974]
[5.360604]
[2.3414018]
[2.9464085]
[1.3382428]
[3.7209094]
[2.1240764]
[2.4632533]
[0.89843]
[2.9472215]
[1.7348007]
[1.5000854]
[2.4234588]
[2.0740418]
[3.0335279]
[1.4952973]
[1.5695249]
[1.2870162]
[2.567124]
[0.99138254]
[1.8989124]
[1.7923408]
[1.3901927]
[2.3535113]
[2.283258]
[3.56968]
[3.6359766]
[2.1826098]
[4.2630057]
[1.4237242]
[1.8312808]
[0.5297864]
[2.0647545]
[3.6091874]
[0.86797065]
[3.1886249]
[1.2140347]
[0.8153546]
[2.395647]
[3.5659163]
[1.0027502]
[3.3516028]
[1.3464575]
[0.92372954]
[3.1939228]
[1.7634503]
[1.9361076]
[2.1888967]
[2.0827842]
[2.7558184]
[1.9502621]
[3.205984]
[2.950755]
[2.500124]
[1.0038645]
[0.40930206]
[3.2121987]
[2.8575468]
[0.76145834]
[1.221426]
[0.76049215]
[0.66280985]
[3.2757893]
[1.6246977]
[1.3932284]
[0.6832703]
[2.4779058]
[0.9265879]
[1.4071606]
[1.2938975]
[1.4781866]
[2.2477582]
[1.0123962]
[3.7241442]
[1.7922679]
[1.6888868]
[0.36484918]
[1.5192783]
[1.4264797]
[1.1372197]
[2.4959974]
[0.77525777]
[2.519199]
[1.539166]
[3.6423192]
[0.8825787]
[0.7130594]
[2.3197527]
[0.44954604]
[3.3879569]
[1.970511]
[4.330176]
[2.8742886]
[2.7094984]
[1.3149214]
[2.5251567]
[1.0401422]
[3.2032511]
[1.5399086]
[1.3767592]
[1.0100919]
[2.5353205]
[1.5173085]
[1.411427]
[1.4662093]
[1.5619963]
[2.079463]
[1.5335463]
[3.8835435]
[1.5592543]
[1.8116617]
[0.8694105]
[1.4708978]
[3.4189427]
[1.4138601]
[1.6478724]
[0.7537332]
[2.8376307]
[0.9340924]
[1.105361]
[1.6239289]
[1.5018378]
[2.4781172]
[1.5694305]
[3.6329267]
[2.0492272]
[1.7187756]
[0.43091497]
[1.5680063]
[2.6397245]
[4.5016847]
[3.8322856]
[4.9753633]
[3.1997163]
[2.9764192]
[3.7271001]
[2.061512]
[5.049676]
[3.7628787]
[5.1822677]
[4.67838]
[4.396393]
[3.4143927]
[4.210467]
[2.6904469]
[1.7812366]
[3.9493914]
[1.4599094]
[0.56308806]
[2.6763816]
[0.87368006]
[3.5145032]
[2.4429457]
[4.58464]
[2.965768]
[2.9446564]
[1.66234]
[2.6888163]
[1.109184]
[1.8301895]
[2.1192803]
[2.420683]
[1.5266099]
[2.7790084]
[1.116394]
[1.4520383]
[3.8969078]
[0.56171566]
[1.4669054]
[1.3981513]
[1.2514986]
[2.6304452]
[1.0858951]
[1.4380529]
[1.6992004]
[1.8858157]
[2.1435168]
[1.2059335]
[4.0394864]
[1.5819703]
[1.801535]
[0.7101313]
[1.6162766]
[3.287079]
[3.7945826]
[1.4193754]
[3.7863107]
[1.2270161]
[2.2411666]
[3.0200393]
[1.7393869]
[1.488098]
[2.448131]
[1.5956264]
[1.1866435]
[2.0971823]
[1.2561575]
[3.0939977]
[1.3789376]
[4.2417684]
[2.5931737]
[2.4323804]
[1.0408345]
[2.3407912]
[2.5550523]
[1.0133649]
[3.3104174]
[2.2583594]
[4.5157714]
[2.7413743]
[2.7470539]
[1.4182659]
[2.505138]
[2.4525466]
[1.6790535]
[1.490857]
[2.7394543]
[1.6994175]
[0.91395694]
[1.2277582]
[0.9213118]
[3.5861664]
[2.173989]
[4.4452033]
[3.084699]
[2.9376502]
[1.6096258]
[2.7342367]
[2.2843633]
[3.5240545]
[0.7640732]
[1.4024218]
[2.1855574]
[1.2398356]
[4.059892]
[1.8895527]
[2.0186434]
[1.2535874]
[1.9712509]
[3.9583185]
[2.4356978]
[3.4678805]
[2.7335088]
[1.6006439]
[1.7957542]
[1.3135996]
[1.4559087]
[0.45437768]
[1.3095996]
[1.5572703]
[0.5601183]
[1.3515925]
[2.4343684]
[1.1484467]
[3.0541403]
[2.8782167]
[1.2852259]
[3.0718806]
[1.9569539]
[3.722942]
[0.6128616]
[2.3383188]
[1.5061957]
[3.5529604]
[2.326704]
[1.8653549]
[1.7668138]
[2.7125545]
[2.113359]
[2.584806]
[3.5738027]
[0.58086723]
[3.946105]
[3.830281]
[2.719709]
[4.0539923]
[3.180769]
[4.463667]
[2.036768]
[3.4826589]
[2.3343081]
[4.492222]
[3.5404284]
[2.9647436]
[2.8488836]
[3.8847194]
[1.0720949]
[2.1509302]
[1.6782428]
[2.844159]
[2.667417]
[0.8567237]
[2.8360887]
[1.6538326]
[3.5369627]
[0.41668603]
[2.0447564]
[1.4917713]
[3.299833]
[1.9901237]
[1.6263633]
[1.5566295]
[2.3815112]
[2.2041523]
[2.2344592]
[2.4462824]
[2.5897436]
[0.8901363]
[2.7772288]
[1.7043844]
[3.1355574]
[1.1649116]
[1.8817667]
[1.3323377]
[2.9164374]
[1.8477302]
[1.346002]
[1.4463516]
[2.2496917]
[3.219576]
[1.2672276]
[0.66016036]
[1.4597721]
[0.7366262]
[0.5384095]
[2.2269762]
[1.9133668]
[0.48088866]
[1.5207758]
[1.5116266]
[0.507664]
[1.0200735]
[0.9241371]
[0.53667265]
[3.6556294]
[3.5324972]
[2.320749]
[3.735961]
[2.823304]
[4.115756]
[1.5740287]
[3.1318684]
[2.0760539]
[4.176426]
[3.1622803]
[2.6168756]
[2.496497]
[3.503034]
[0.8775707]
[2.1033201]
[0.9799755]
[1.460154]
[1.346402]
[2.582663]
[0.98067474]
[1.6774207]
[0.59042144]
[1.1279525]
[1.2214183]
[1.3102076]
[1.0233358]
[1.97236]
[0.2833395]
[1.0738242]
[1.9256133]
[2.3963797]
[0.76518285]
[1.6840695]
[1.0837792]
[0.9180899]
[1.272725]
[1.2167112]
[0.75567406]
[2.134046]
[0.94059366]
[2.924452]
[0.82072234]
[1.2739646]
[1.1288882]
[2.530286]
[1.2069741]
[0.9282778]
[0.923242]
[1.6182648]
[1.2264272]
[1.8853941]
[2.564227]
[0.90711373]
[1.9320217]
[1.0272814]
[1.0082861]
[1.4669461]
[1.4143461]
[0.73075664]
[2.449273]
[1.4525186]
[0.5079223]
[1.1532131]
[1.8307681]
[0.50537336]
[0.6956423]
[0.59438103]
[0.8549336]
[3.2209978]
[2.0062654]
[2.5331078]
[1.2036346]
[2.0527112]
[2.1038477]
[2.1743426]
[1.8580011]
[1.8191499]
[1.2386272]
[3.040412]
[1.780468]
[1.389417]
[1.2820988]
[2.1521912]
[1.2708014]
[1.3313719]
[0.22533086]
[0.6444857]
[0.6551437]
[0.48695487]
[2.241078]
[1.3857318]
[0.74202055]
[0.6890418]
[1.7284881]
[1.4168731]
[1.7095772]
[1.7905267]
[1.1453004]
[0.7107885]
[0.72851026]
[0.42421412]
[0.24854133]
[1.0683004]
[1.075715]
[0.9351214]
[1.7743899]
[0.56295234]
[2.905773]
[0.71912897]
[2.3474815]
[2.8253021]
[1.3203456]
[1.4027404]
[1.5343945]
[2.3949952]
[3.9431603]
[4.912912]
[4.1448755]
[2.1638057]
[1.6685046]
[1.8352209]
[1.883355]
[4.106459]
[1.8561215]
[0.43683466]
[2.7275941]
[1.042132]
[2.3814292]
[2.7903345]
[1.4359932]
[0.89776826]
[1.6032579]
[2.393622]
[3.983644]
[4.587471]
[3.674504]
[2.0275874]
[1.6697077]
[1.5624806]
[1.9676719]
[4.086894]
[1.7413132]
[3.8350227]
[2.1234612]
[0.7259811]
[1.1397763]
[1.0929673]
[2.07227]
[1.1143804]
[0.9365687]
[2.416674]
[3.27523]
[3.1663644]
[0.6843137]
[0.55063343]
[0.9514724]
[0.40656662]
[2.406627]
[2.904512]
[0.9251664]
[2.2606697]
[2.7106957]
[1.21397]
[1.0039368]
[1.383396]
[2.2678638]
[3.978561]
[4.710622]
[3.9316716]
[2.0312471]
[1.5954751]
[1.5737723]
[1.8267916]
[4.0779343]
[2.1942418]
[4.4856496]
[4.8643003]
[3.9697568]
[3.08282]
[4.1214848]
[4.607076]
[5.2016006]
[5.9274344]
[4.512826]
[4.0268683]
[3.8243766]
[3.9642167]
[4.1581693]
[5.5420156]
[2.7705867]
[3.232778]
[1.9338783]
[1.570241]
[2.1289945]
[2.8550844]
[4.1022553]
[5.0646086]
[4.0881557]
[2.4710798]
[2.0576155]
[2.2470527]
[2.3379085]
[4.336971]
[0.51220596]
[1.356299]
[2.4766047]
[1.1968986]
[0.30775788]
[2.422657]
[3.0120673]
[3.393073]
[0.9401167]
[1.0502528]
[1.16322]
[0.5472782]
[2.189564]
[1.767094]
[2.855018]
[1.6204123]
[0.60174024]
[2.1965125]
[2.5987582]
[3.2536445]
[1.0791285]
[1.3707335]
[1.4112521]
[0.9659435]
[1.8339314]
[1.6183081]
[0.4263938]
[1.3261602]
[3.3179145]
[4.0733967]
[3.750955]
[1.3508371]
[0.8919533]
[0.86142343]
[0.9055165]
[3.2932913]
[1.7018397]
[2.4465296]
[4.182057]
[4.6477103]
[3.8699796]
[2.2237477]
[1.9207044]
[1.7236174]
[2.1303387]
[4.2200246]
[1.0893159]
[3.4071603]
[4.02308]
[3.9116094]
[1.4429084]
[1.0913608]
[0.96742094]
[0.89365715]
[3.2968569]
[2.6903827]
[3.1314828]
[3.5710337]
[1.1344713]
[1.2052702]
[1.1798643]
[0.6927556]
[2.405705]
[2.1088786]
[2.5080538]
[2.1185694]
[2.4923584]
[2.851561]
[2.519412]
[0.7749991]
[2.3719923]
[2.8125994]
[3.3631468]
[3.3349693]
[3.3108249]
[1.6320857]
[2.587467]
[2.9752245]
[2.9755208]
[3.315284]
[2.7265186]
[0.5528652]
[0.7533804]
[0.7285628]
[2.0990086]
[0.62930197]
[0.5630633]
[2.5442617]
[0.8254987]
[2.7859588]
[2.437073]
[0.8523848]
[1.4706913]
[1.211249]
[0.69996655]
[0.86175394]
[1.1856416]
[1.5368005]
[1.4192741]
[1.6449193]
[1.9320571]
[1.6839852]
[1.7654586]
[2.8351572]
[1.5983577]
[1.4810277]
[3.3898451]
[3.2123957]
[2.3106098]
[3.2452755]
[1.6040447]
[1.6284108]
[1.2649349]
[0.9373931]
[1.5280124]
[0.8108557]
[1.5299151]
[1.7791626]
[2.3427238]
[2.2048497]
[2.2633011]
[3.2327087]
[2.2339773]
[1.9704511]
[3.7943907]
[3.6215935]
[2.7935793]
[3.6447396]
[0.59048176]
[1.2006323]
[1.0081261]
[0.66644716]
[1.9537073]
[0.94606316]
[1.7878761]
[1.2036822]
[1.0962547]
[1.0483078]
[1.8520145]
[1.228429]
[1.1329575]
[2.6350172]
[2.228877]
[1.5205576]
[2.176627]
[0.764961]
[0.9801293]
[0.2934542]
[2.1631315]
[1.1653414]
[1.9141461]
[0.9111198]
[0.66418016]
[0.7609663]
[1.7370276]
[0.74327934]
[0.6519321]
[2.6461434]
[2.3115516]
[1.2558173]
[2.1287441]
[0.85027546]
[0.65506005]
[1.9726229]
[1.5212861]
[2.0681465]
[1.327404]
[1.1225983]
[1.318894]
[2.2837129]
[1.1450977]
[0.83954364]
[3.159335]
[2.9993865]
[1.7510461]
[2.7401044]
[0.8684514]
[1.3553376]
[1.4067135]
[1.7979656]
[1.524766]
[1.4322149]
[1.43654]
[2.3629696]
[1.5471641]
[1.238089]
[2.9327178]
[2.9877489]
[1.9520508]
[2.7783136]
[2.089669]
[1.3337375]
[2.089892]
[0.87151736]
[0.74224734]
[0.90761995]
[1.7819657]
[0.932803]
[0.5656437]
[2.7921665]
[2.5672185]
[1.3189368]
[2.221286]
[1.8143435]
[1.8008356]
[2.8376172]
[2.7371273]
[2.7029145]
[3.6155324]
[2.7863245]
[2.5589979]
[3.909831]
[3.8372285]
[3.256318]
[3.9739168]
[1.073119]
[2.0180888]
[1.7555169]
[1.6854832]
[2.635285]
[1.6415244]
[1.8146679]
[3.0889003]
[2.3001707]
[2.250527]
[2.873323]
[2.71995]
[2.4116957]
[2.2458963]
[3.2807107]
[2.200321]
[2.4860344]
[3.169903]
[2.6008966]
[2.8851736]
[3.4648526]
[0.43571973]
[0.6291783]
[0.9849372]
[0.88379526]
[0.51645255]
[2.3357098]
[2.3878436]
[0.5484082]
[1.4941801]
[0.39047697]
[1.209013]
[0.4525206]
[0.4193392]
[2.3222468]
[2.198509]
[0.6486314]
[1.6409836]
[1.1354344]
[0.5373305]
[0.7420986]
[1.9731326]
[1.9212962]
[0.65066403]
[1.4895271]
[1.4916813]
[1.4790056]
[1.8331287]
[2.069962]
[0.59497994]
[0.55311143]
[0.72813785]
[2.3467164]
[2.0504413]
[0.92211044]
[1.8334988]
[2.6415637]
[2.5982945]
[0.9539955]
[1.9676383]
[1.8555865]
[1.9844252]
[1.6146258]
[2.058394]
[1.8113866]
[1.0424817]
[0.5077807]
[0.57819605]
[1.315438]
[0.70703024]
[0.97633296]
[2.0065033]
[0.46479386]
[0.72256744]
[1.3838576]
[1.8379066]
[2.2809076]
[1.3742982]
[3.0885432]
[2.098099]
[2.2764187]
[3.4256237]
[2.2285576]
[2.7822537]
[1.254401]
[0.3660073]
[1.1878146]
[0.38297248]
[0.9645363]
[2.1915953]
[0.5489833]
[0.7321923]
[1.4289438]
[1.9376327]
[2.2785525]
[1.1054556]
[3.0716994]
[2.001074]
[2.1747684]
[3.3459227]
[2.1802986]
[2.6854844]
[1.1204615]
[1.3559884]
[0.38337785]
[0.76370096]
[2.2711413]
[0.43116412]
[0.98960197]
[1.3537847]
[2.1662405]
[2.4241714]
[1.3655772]
[3.2515438]
[2.200029]
[2.3274362]
[3.5098913]
[2.4302902]
[2.9072962]
[1.3163846]
[1.0256408]
[1.2134641]
[1.3311733]
[1.6132481]
[0.7393086]
[0.94456416]
[1.3480948]
[1.3717333]
[0.65298223]
[1.9417311]
[0.9207747]
[1.1121676]
[2.5598743]
[1.1606748]
[1.7427466]
[0.8809085]
[0.6606593]
[2.0481548]
[0.721055]
[0.8215451]
[1.156294]
[1.9157338]
[2.0953298]
[1.0219471]
[2.9143538]
[1.8468499]
[1.9642191]
[3.1693463]
[2.117668]
[2.5539522]
[1.0046589]
[1.845733]
[0.97780406]
[1.1935761]
[0.8125972]
[2.0101225]
[2.0202582]
[1.4236367]
[2.900522]
[1.9495355]
[1.9656849]
[3.142494]
[2.3056874]
[2.657326]
[1.2224337]
[2.38181]
[1.6189128]
[1.2422956]
[1.3258407]
[1.2283643]
[1.8375757]
[1.5544536]
[1.2986715]
[1.3448607]
[2.5136564]
[1.3804861]
[1.8705496]
[1.7211279]
[1.1122093]
[1.607347]
[2.164148]
[2.5448334]
[1.5725869]
[3.4299438]
[2.3974943]
[2.536632]
[3.6072195]
[2.594814]
[3.0507278]
[1.4140731]
[1.22801]
[1.4156635]
[1.8415385]
[0.8731255]
[2.4854455]
[1.495256]
[1.7442956]
[3.0182023]
[1.5478231]
[2.2201428]
[0.97672796]
[1.8716028]
[1.7223663]
[1.4800059]
[2.3580031]
[1.5858833]
[1.5926164]
[2.9814298]
[1.8974125]
[2.3756957]
[1.4192938]
[0.95342976]
[1.3287407]
[1.6789641]
[1.0726613]
[1.2596271]
[1.9253378]
[1.1010507]
[1.2845958]
[1.0985962]
[1.478692]
[1.1593852]
[0.74302065]
[0.5824658]
[1.3420504]
[1.1634359]
[0.86471707]
[1.2816963]
[2.164518]
[1.0504061]
[1.2569721]
[2.4188895]
[1.300276]
[1.656892]
[0.58393735]
[1.1190089]
[1.0767293]
[1.6941227]
[1.1091434]
[0.98237944]
[2.2297077]
[0.38925597]
[1.7828668]
[0.6098357]
[0.85827124]
[1.1750476]
[1.5746359]
[0.95974153]
[0.8441004]
[1.2831662]
[2.1069567]
[1.0991051]
[2.2315748]
[1.0444458]
[1.5169]
[1.6755977]
[0.40758944]
[0.6805384]
[1.3359365]
[0.36102277]
[0.70473164]
[1.1524767]
[1.1892226]
[1.9000868]
[0.50554764]
[0.37677896]
[3.036003]
[1.8488109]
[3.1463523]
[1.4614121]
[2.9354537]
[2.2280765]
[1.8395023]
[4.541835]
[3.2810652]
[0.8150876]
[1.0936373]
[0.16412039]
[0.32344678]
[1.0987536]
[0.87429327]
[2.0103734]
[0.664499]
[0.1006771]
[3.0983343]
[1.8906242]
[3.1826427]
[1.5345757]
[3.0392585]
[2.303137]
[1.7700186]
[4.5950484]
[3.2887232]
[1.1377426]
[0.87768996]
[1.0963974]
[0.66230106]
[1.0500423]
[1.2597203]
[0.53015596]
[0.74379766]
[2.5077505]
[1.2570598]
[2.542999]
[0.86037755]
[2.349915]
[1.7622349]
[1.4521466]
[3.9847834]
[2.7440827]
[1.2568107]
[1.1545079]
[0.797709]
[0.6927413]
[1.9390986]
[1.4134104]
[1.1062604]
[3.0686882]
[1.7879118]
[2.950174]
[1.5858157]
[2.9355156]
[2.410225]
[1.8086888]
[4.468742]
[3.2022479]
[0.35660425]
[1.2165667]
[1.0037543]
[2.0678964]
[0.64452785]
[0.17897719]
[3.1352558]
[1.9487472]
[3.24643]
[1.5849029]
[3.0876365]
[2.3327348]
[1.8080803]
[4.6334705]
[3.3247492]
[1.2936001]
[0.8325492]
[2.2249095]
[0.89464587]
[0.38052574]
[3.2307618]
[2.0678551]
[3.3240328]
[1.7341957]
[3.2192578]
[2.4448335]
[1.8407354]
[4.7148075]
[3.3859625]
[0.90847045]
[1.3477821]
[1.1118481]
[1.0438744]
[2.646183]
[1.0758542]
[2.5424936]
[0.8897093]
[2.468634]
[2.0268812]
[1.2509785]
[4.021701]
[2.6674914]
[1.8125086]
[1.110227]
[0.8610837]
[2.7684603]
[1.6246132]
[2.7520545]
[1.3786312]
[2.7588618]
[2.0904036]
[1.4335082]
[4.1839814]
[2.8562212]
[1.5225699]
[1.9319534]
[1.4308068]
[0.8200123]
[1.371525]
[0.67114705]
[1.1629256]
[1.0069066]
[1.4522631]
[2.802024]
[1.7600926]
[0.59296274]
[2.5539558]
[1.567244]
[2.703163]
[1.1353284]
[2.4932344]
[1.7456541]
[1.5896678]
[4.0654907]
[2.8543026]
[3.0259185]
[1.8017273]
[3.1122155]
[1.4448942]
[2.9672468]
[2.2366517]
[1.6829033]
[4.517568]
[3.2010229]
[1.9589669]
[0.6095369]
[1.9155352]
[0.5912904]
[0.910015]
[2.3108046]
[1.5547123]
[1.3373075]
[1.8476456]
[0.45961577]
[1.8086474]
[1.6089667]
[0.7758051]
[3.1568856]
[1.6927725]
[1.9002951]
[0.5683421]
[1.2111005]
[2.2877471]
[1.5645028]
[1.2876549]
[1.7761853]
[1.3790716]
[0.9035691]
[3.2717903]
[1.9207026]
[0.9936429]
[2.3385525]
[1.788396]
[1.5567389]
[1.9273918]
[2.4401531]
[1.7786618]
[3.4674053]
[1.8148053]
[1.767852]
